
1 aerfa woman ningmugefu 1000.000000 900.000000 700.000000 80.000000 20.000000 900.000000
2 beita woman ningmugefu 1000.000000 90.000000 700.000000 800.000000 20.000000 900.000000
3 gama woman ningmugefu 100.000000 900.000000 100.000000 800.000000 20.000000 900.000000
4 deerta woman ningmugefu 110.000000 909.000000 100.000000 800.000000 20.000000 900.000000
5 aipuxilong woman ningmugefu 110.000000 909.000000 130.000000 800.000000 20.000000 1900.000000
6 yita woman ningmugefu 110.000000 909.000000 139.000000 800.000000 20.000000 1900.000000
7 ken man ningmugefu 110.000000 999.000000 139.000000 800.000000 20.000000 1900.000000
8 wendi woman ningmugefu 110.000000 999.000000 134.000000 800.000000 20.000000 1900.000000
9 kenti man ningmugefu 111.000000 999.000000 139.000000 800.000000 20.000000 1900.000000
10 wendiyi woman ningmugefu 110.000000 999.000000 134.000000 800.000000 20.000000 1900.000000
11 aerfa woman ningmugefu 1000.000000 900.000000 700.000000 80.000000 20.000000 900.000000
12 beita woman ningmugefu 1000.000000 90.000000 700.000000 800.000000 20.000000 900.000000
13 gama woman ningmugefu 100.000000 900.000000 100.000000 800.000000 20.000000 900.000000
14 deerta woman ningmugefu 110.000000 909.000000 100.000000 800.000000 20.000000 900.000000
15 aipuxilong woman ningmugefu 110.000000 909.000000 130.000000 800.000000 20.000000 1900.000000
16 yita woman ningmugefu 110.000000 909.000000 139.000000 800.000000 20.000000 1900.000000
17 ken man ningmugefu 110.000000 999.000000 139.000000 800.000000 20.000000 1900.000000
18 wendi woman ningmugefu 110.000000 999.000000 134.000000 800.000000 20.000000 1900.000000
19 kenti man ningmugefu 111.000000 999.000000 139.000000 800.000000 20.000000 1900.000000
20 wendiyi woman ningmugefu 110.000000 999.000000 134.000000 800.000000 20.000000 1900.000000